G,C,I,P
1,1,0,0
2,1,0,0
3,0.5,0.5,0
4,0.5,0.5,0
5,0.25,0.75,0
6,0.25,0.5,0.25
7,0.25,0.5,0.25
8,0.203,0.547,0.25
9,0.188,0.492,0.32
10,0.191,0.438,0.371
11,0.186,0.398,0.416
12,0.18,0.393,0.428
13,0.177,0.396,0.427
14,0.177,0.388,0.434
15,0.18,0.382,0.438
16,0.18,0.383,0.437
17,0.181,0.381,0.437
18,0.181,0.38,0.438
19,0.182,0.38,0.438
20,0.182,0.381,0.438
21,0.182,0.381,0.437
22,0.182,0.381,0.437
23,0.182,0.381,0.437
