shallow_dates <- c(
  "20231127",
  "20231130",
  "20231204"
)
deep_dates <- c(
  "20231218",
  "20231220",
  "20231222"
)

uniform_dates <- c(
  "20240123",
  "20240126",
  "20240221"
)